atmosphere:
  co2_pct: 70.0
  oxygen_pct: 0.0
  pressure: 0.29219730999288474
  temperature: -40.35383380236762
biosphere_seeds:
  dormant_flora: 73.46951384857324
  dormant_microbes: 120.0
global_metrics:
  habitability_index: 0.0
  instability_index: 10.0
globals:
  max_steps: 40
hydrosphere:
  ph_level: 2.891740402935738
  subsurface_ice_pct: 45.56574136848624
  surface_water_pct: 8.0
infrastructure:
  energy_reserves: 2000.0
  station_upgrade_level: 0
  terraforming_stations: 1
lithosphere:
  soil_fertility: 0.0
  tectonic_stress: 61.8705606947315
