atmosphere:
  co2_pct: 70.0
  oxygen_pct: 0.0
  pressure: 0.2991020776758567
  temperature: -42.57563233855781
biosphere_seeds:
  dormant_flora: 68.40888659970379
  dormant_microbes: 120.0
global_metrics:
  habitability_index: 0.0
  instability_index: 10.0
globals:
  max_steps: 40
hydrosphere:
  ph_level: 3.7279459880372743
  subsurface_ice_pct: 42.75203271698282
  surface_water_pct: 9.033423839560893
infrastructure:
  energy_reserves: 2000.0
  station_upgrade_level: 0
  terraforming_stations: 1
lithosphere:
  soil_fertility: 0.0
  tectonic_stress: 55.70918669300384
