atmosphere:
  co2_pct: 70.0
  oxygen_pct: 0.0
  pressure: 0.31582647713859685
  temperature: -42.77946989549786
biosphere_seeds:
  dormant_flora: 72.35035572743908
  dormant_microbes: 120.0
global_metrics:
  habitability_index: 0.0
  instability_index: 10.0
globals:
  max_steps: 40
hydrosphere:
  ph_level: 3.429287490704233
  subsurface_ice_pct: 44.97945789191373
  surface_water_pct: 10.048920647247472
infrastructure:
  energy_reserves: 2000.0
  station_upgrade_level: 0
  terraforming_stations: 1
lithosphere:
  soil_fertility: 0.0
  tectonic_stress: 55.59124246330959
