atmosphere:
  co2_pct: 70.0
  oxygen_pct: 0.0
  pressure: 0.3046854780680682
  temperature: -39.43111243740092
biosphere_seeds:
  dormant_flora: 68.2499767368048
  dormant_microbes: 120.0
global_metrics:
  habitability_index: 0.0
  instability_index: 10.0
globals:
  max_steps: 40
hydrosphere:
  ph_level: 3.953024421546824
  subsurface_ice_pct: 46.40994563110794
  surface_water_pct: 10.059446189846584
infrastructure:
  energy_reserves: 1932.0459113037641
  station_upgrade_level: 0
  terraforming_stations: 1
lithosphere:
  soil_fertility: 0.0
  tectonic_stress: 54.709768178511034
