atmosphere:
  co2_pct: 70.92844553456024
  oxygen_pct: 0.0
  pressure: 0.2733930820636085
  temperature: -43.582619896474796
biosphere_seeds:
  dormant_flora: 70.56842811978402
  dormant_microbes: 120.0
global_metrics:
  habitability_index: 0.0
  instability_index: 10.0
globals:
  max_steps: 40
hydrosphere:
  ph_level: 3.830357984695932
  subsurface_ice_pct: 46.509744951582526
  surface_water_pct: 10.150490248065237
infrastructure:
  energy_reserves: 1961.6272915178288
  station_upgrade_level: 0
  terraforming_stations: 1
lithosphere:
  soil_fertility: 0.0
  tectonic_stress: 52.52769591286059
