atmosphere:
  co2_pct: 70.0
  oxygen_pct: 0.0
  pressure: 0.29376349455664086
  temperature: -36.82532827384573
biosphere_seeds:
  dormant_flora: 70.2567600572237
  dormant_microbes: 120.0
global_metrics:
  habitability_index: 0.0
  instability_index: 10.0
globals:
  max_steps: 40
hydrosphere:
  ph_level: 3.3622274202791047
  subsurface_ice_pct: 43.04931793055815
  surface_water_pct: 11.540548241291226
infrastructure:
  energy_reserves: 2000.0
  station_upgrade_level: 0
  terraforming_stations: 1
lithosphere:
  soil_fertility: 0.0
  tectonic_stress: 53.789500874443384
