agent:
  energy_budget: 45
  step_counter: 0
atmosphere:
  atmospheric_pressure: 0.9361182543066426
  climate_stability_index: 51.10050873575889
  cloud_coverage: 62.49109868707581
  humidity: 68.33595497760203
  solar_flux: 820.1306669426185
  storm_energy: 47.00875762178181
  temperature: 303.96476531371127
globals:
  max_steps: 30
physics:
  action_effects_queue: []
  drift_directions:
    atmospheric_pressure: 1
    cloud_coverage: -1
    humidity: -1
    solar_flux: 1
    storm_energy: 1
    temperature: -1
  drift_rates:
    atmospheric_pressure: 0.01
    cloud_coverage: 0.025
    humidity: 0.015
    solar_flux: 0.02
    storm_energy: 0.03
    temperature: 0.02
