agent:
  energy_budget: 45
  step_counter: 0
atmosphere:
  atmospheric_pressure: 0.8049569881116313
  climate_stability_index: 43.60184781782879
  cloud_coverage: 75.84962155415067
  humidity: 39.145643843332294
  solar_flux: 800.2781831208982
  storm_energy: 22.900583046480946
  temperature: 269.3239913222854
globals:
  max_steps: 30
physics:
  action_effects_queue: []
  drift_directions:
    atmospheric_pressure: -1
    cloud_coverage: -1
    humidity: 1
    solar_flux: -1
    storm_energy: 1
    temperature: -1
  drift_rates:
    atmospheric_pressure: 0.01
    cloud_coverage: 0.025
    humidity: 0.015
    solar_flux: 0.02
    storm_energy: 0.03
    temperature: 0.02
