agent:
  energy_budget: 45
  step_counter: 0
atmosphere:
  atmospheric_pressure: 0.831036680159367
  climate_stability_index: 48.374991970244814
  cloud_coverage: 51.354003464488095
  humidity: 49.49449092011021
  solar_flux: 1150.5003844721389
  storm_energy: 46.785733361010585
  temperature: 236.0384836970303
globals:
  max_steps: 30
physics:
  action_effects_queue: []
  drift_directions:
    atmospheric_pressure: 1
    cloud_coverage: -1
    humidity: -1
    solar_flux: -1
    storm_energy: -1
    temperature: -1
  drift_rates:
    atmospheric_pressure: 0.01
    cloud_coverage: 0.025
    humidity: 0.015
    solar_flux: 0.02
    storm_energy: 0.03
    temperature: 0.02
