agent:
  energy_budget: 45
  step_counter: 0
atmosphere:
  atmospheric_pressure: 1.0453120098700939
  climate_stability_index: 50.44799820613909
  cloud_coverage: 61.58253967873016
  humidity: 69.04429337941224
  solar_flux: 875.1246266742046
  storm_energy: 30.354513417926213
  temperature: 284.22498122802
globals:
  max_steps: 30
physics:
  action_effects_queue: []
  drift_directions:
    atmospheric_pressure: -1
    cloud_coverage: -1
    humidity: 1
    solar_flux: -1
    storm_energy: 1
    temperature: -1
  drift_rates:
    atmospheric_pressure: 0.01
    cloud_coverage: 0.025
    humidity: 0.015
    solar_flux: 0.02
    storm_energy: 0.03
    temperature: 0.02
