agent:
  energy_budget: 45
  step_counter: 0
atmosphere:
  atmospheric_pressure: 0.8987924949357616
  climate_stability_index: 48.19465593455038
  cloud_coverage: 24.990554039499507
  humidity: 64.26214123448301
  solar_flux: 865.7353971675739
  storm_energy: 27.369942191893163
  temperature: 334.2010954081729
globals:
  max_steps: 30
physics:
  action_effects_queue: []
  drift_directions:
    atmospheric_pressure: -1
    cloud_coverage: 1
    humidity: -1
    solar_flux: -1
    storm_energy: 1
    temperature: 1
  drift_rates:
    atmospheric_pressure: 0.01
    cloud_coverage: 0.025
    humidity: 0.015
    solar_flux: 0.02
    storm_energy: 0.03
    temperature: 0.02
