agent:
  energy_budget: 45
  step_counter: 0
atmosphere:
  atmospheric_pressure: 1.088824702689487
  climate_stability_index: 47.84254366549223
  cloud_coverage: 46.803276034857134
  humidity: 44.39961827441027
  solar_flux: 810.3702714712732
  storm_energy: 28.134386063851913
  temperature: 299.46828418796065
globals:
  max_steps: 30
physics:
  action_effects_queue: []
  drift_directions:
    atmospheric_pressure: 1
    cloud_coverage: 1
    humidity: -1
    solar_flux: 1
    storm_energy: -1
    temperature: 1
  drift_rates:
    atmospheric_pressure: 0.01
    cloud_coverage: 0.025
    humidity: 0.015
    solar_flux: 0.02
    storm_energy: 0.03
    temperature: 0.02
