agent:
  energy_budget: 45
  step_counter: 0
atmosphere:
  atmospheric_pressure: 1.0375373398483883
  climate_stability_index: 58.87969204426294
  cloud_coverage: 73.22055994479007
  humidity: 62.01935763323513
  solar_flux: 1123.9068155805244
  storm_energy: 39.66232678827336
  temperature: 371.18787770304357
globals:
  max_steps: 30
physics:
  action_effects_queue: []
  drift_directions:
    atmospheric_pressure: -1
    cloud_coverage: -1
    humidity: -1
    solar_flux: 1
    storm_energy: 1
    temperature: -1
  drift_rates:
    atmospheric_pressure: 0.01
    cloud_coverage: 0.025
    humidity: 0.015
    solar_flux: 0.02
    storm_energy: 0.03
    temperature: 0.02
