agent:
  energy_budget: 45
  step_counter: 0
atmosphere:
  atmospheric_pressure: 1.0149828774051457
  climate_stability_index: 55.41721385114578
  cloud_coverage: 72.56804582906715
  humidity: 66.08731996987444
  solar_flux: 1197.809539140561
  storm_energy: 32.926277708329366
  temperature: 296.62207929720194
globals:
  max_steps: 30
physics:
  action_effects_queue: []
  drift_directions:
    atmospheric_pressure: 1
    cloud_coverage: -1
    humidity: -1
    solar_flux: 1
    storm_energy: 1
    temperature: 1
  drift_rates:
    atmospheric_pressure: 0.01
    cloud_coverage: 0.025
    humidity: 0.015
    solar_flux: 0.02
    storm_energy: 0.03
    temperature: 0.02
